## Gauss quadrature points and weights of triangles.


$$
I(f) \approx I_n(f) = |\Delta| \sum_{i=1}^n w_i f(x_i, y_i, z_i)
$$

> (x,y,z): Barycentric Coordinates

n=1

|   i   |   w   |    x    |    y    |    z    |
| :---: | :---: | :-----: | :-----: | :-----: |
|   1   |  1.0  | 1.0 / 3 | 1.0 / 3 | 1.0 / 3 |



n=3

|   i   |    w    |    x    |    y    |    z    |       |
| :---: | :-----: | :-----: | :-----: | :-----: | :---: |
|   1   | 1.0 / 3 | 2.0 / 3 | 1.0 / 6 | 1.0 / 6 |  a1   |
|   2   | 1.0 / 3 | 2.0 / 3 | 1.0 / 6 | 1.0 / 6 |  a2   |
|   3   | 1.0 / 3 | 1.0 / 6 | 1.0 / 6 | 2.0 / 3 |  a3   |

n=7

|   i   |         w         |         x         |         y         |         z         |       |
| :---: | :---------------: | :---------------: | :---------------: | :---------------: | :---: |
|   1   |       0.225       |      1.0 / 3      |      1.0 / 3      |      1.0 / 3      |  a1   |
|   2   | 0.125939180544827 | 0.797426985353087 | 0.101286507323456 | 0.101286507323456 |  b1   |
|   3   | 0.125939180544827 | 0.101286507323456 | 0.797426985353087 | 0.101286507323456 |  b2   |
|   4   | 0.125939180544827 | 0.101286507323456 | 0.101286507323456 | 0.797426985353087 |  b3   |
|   5   | 0.132394152788506 | 0.059715871789770 | 0.470142064105115 | 0.470142064105115 |  c1   |
|   6   | 0.132394152788506 | 0.470142064105115 | 0.059715871789770 | 0.470142064105115 |  c2   |
|   7   | 0.132394152788506 | 0.470142064105115 | 0.470142064105115 | 0.059715871789770 |  c3   |



n=12

|   i   |         w         |         x         |         y         |         z         |       |
| :---: | :---------------: | :---------------: | :---------------: | :---------------: | :---: |
|   1   | 0.050844906370207 | 0.873821971016996 | 0.063089014491502 | 0.063089014491502 |  a1   |
|   2   | 0.050844906370207 | 0.063089014491502 | 0.873821971016996 | 0.063089014491502 |  a2   |
|   3   | 0.050844906370207 | 0.063089014491502 | 0.063089014491502 | 0.873821971016996 |  a3   |
|   4   | 0.116786275726379 | 0.501426509658179 | 0.249286745170910 | 0.249286745170911 |  b1   |
|   5   | 0.116786275726379 | 0.249286745170910 | 0.501426509658179 | 0.249286745170911 |  b2   |
|   6   | 0.116786275726379 | 0.249286745170910 | 0.249286745170911 | 0.501426509658179 |  b3   |
|   7   | 0.082851075618374 | 0.636502499121399 | 0.310352451033785 | 0.053145049844816 |  c1   |
|   8   | 0.082851075618374 | 0.636502499121399 | 0.053145049844816 | 0.310352451033785 |  c2   |
|   9   | 0.082851075618374 | 0.310352451033785 | 0.636502499121399 | 0.053145049844816 |  c3   |
|  10   | 0.082851075618374 | 0.310352451033785 | 0.053145049844816 | 0.636502499121399 |  c4   |
|  11   | 0.082851075618374 | 0.053145049844816 | 0.636502499121399 | 0.310352451033785 |  c5   |
|  12   | 0.082851075618374 | 0.053145049844816 | 0.310352451033785 | 0.636502499121399 |  c6   |
